500
0 0 //head
-84 0 -67 -52 //LArm 
0 0 12 -26 20 0 //LLeg
0 0 12 -26 20 0 //RLeg
-84 0 67 52 //RArm
25 45 //Toe
====================
state 1
100 
0 0 
-90 90 -90 0 
-10 15 30 -70 20 0 
-10 -15 30 -70 20 0 
-90 -90 90 0 
0 0
====================
state 2
100 
0 0 
0 0 -90 0 
-10 10 90 0 -45 0 
-10 -10 90 0 -45 0 
0 0 90 0 
0 0
===================
40 
0 0 
0 90 -90 0 
-70 10 60 0 -45 0 
-70 -10 60 0 -45 0 
0 -90 90 0 
0 0
===================
40 
0 0 
0 90 -90 0 
-48 10 60 0 0 0 
-59 -10 60 0 0 0 
0 -90 90 0 
0 0
